=== Final results table (avg (min – max)) ===
                       Method               Instance 1               Instance 2
AMOMS (final improved method) 69 436 (69 174 – 70 122) 43 943 (43 448 – 44 422)

Instance 1 best obj reported: 69174, recomputed: 69174
Instance 1 best tour nodes:
[154, 180, 53, 100, 26, 97, 152, 1, 101, 86, 75, 2, 120, 44, 25, 16, 171, 175, 113, 56, 31, 78, 145, 92, 129, 57, 179, 196, 81, 90, 165, 119, 40, 185, 55, 52, 106, 178, 49, 14, 144, 102, 62, 9, 148, 124, 94, 63, 79, 80, 176, 137, 23, 186, 89, 183, 143, 0, 117, 93, 140, 68, 46, 115, 139, 41, 193, 159, 69, 108, 18, 22, 146, 181, 34, 160, 48, 54, 177, 10, 190, 4, 112, 84, 35, 184, 42, 43, 116, 65, 59, 118, 51, 151, 133, 162, 123, 127, 70, 135]
Instance 1 best stats: {'iters': 1818, 'accepted': 1008, 'used_lns': 1627, 'used_ils': 26, 'used_rec': 165, 'elite_best': 69174, 'elite_size': 20}

Instance 2 best obj reported: 43448, recomputed: 43448
Instance 2 best tour nodes:
[109, 35, 143, 106, 124, 62, 18, 55, 34, 170, 152, 183, 140, 4, 149, 28, 20, 60, 148, 47, 94, 66, 179, 22, 99, 130, 95, 185, 86, 166, 194, 176, 113, 114, 137, 127, 89, 103, 163, 187, 153, 81, 77, 141, 91, 61, 36, 177, 5, 78, 175, 142, 45, 80, 190, 136, 73, 54, 31, 193, 117, 198, 156, 1, 16, 27, 38, 63, 40, 107, 133, 122, 135, 131, 121, 51, 90, 147, 6, 188, 169, 132, 70, 3, 15, 145, 13, 195, 168, 139, 11, 138, 33, 160, 144, 104, 8, 111, 29, 0]
Instance 2 best stats: {'iters': 1677, 'accepted': 604, 'used_lns': 1320, 'used_ils': 24, 'used_rec': 333, 'elite_best': 43448, 'elite_size': 20}