
=== Results table (avg (min – max)) ===
                                                       Method               Instance 1               Instance 2
                      MSLS (20 runs)\nBest of 200 steepest LS 71 377 (70 941 – 71 909) 45 702 (45 244 – 46 258)
                     ILS (20 runs)\nStop time = avg MSLS time 70 357 (70 043 – 70 754) 44 715 (44 266 – 45 072)
                     LNS (20 runs)\nStop time = avg MSLS time 72 091 (71 194 – 72 999) 47 125 (46 043 – 48 568)
                    HEA (Op1, C++)\nStop time = avg MSLS time 69 183 (69 107 – 69 361) 43 607 (43 456 – 43 784)
   HEA (Op2, C++)\nStop time = avg MSLS time\nLS on offspring 70 973 (70 481 – 71 455) 45 619 (44 859 – 46 247)
HEA (Op2, C++)\nStop time = avg MSLS time\nNO LS on offspring 72 189 (71 190 – 73 016) 46 538 (45 517 – 47 139)

=== Best solutions (node lists) ===

Instance 1:
MSLS best obj = 70941
[115, 139, 41, 193, 159, 22, 181, 5, 42, 160, 34, 48, 54, 177, 10, 190, 4, 112, 84, 184, 43, 116, 65, 149, 59, 118, 51, 151, 133, 162, 123, 127, 70, 135, 154, 180, 158, 53, 121, 100, 26, 86, 75, 101, 1, 97, 152, 2, 120, 44, 25, 129, 55, 52, 57, 92, 145, 78, 16, 171, 175, 113, 56, 31, 157, 196, 81, 90, 27, 165, 40, 185, 106, 178, 3, 49, 14, 144, 62, 9, 148, 124, 94, 63, 79, 80, 176, 137, 23, 186, 89, 183, 143, 170, 0, 117, 93, 140, 68, 46]
ILS best obj = 70043
[102, 62, 9, 148, 94, 63, 79, 133, 80, 176, 137, 23, 186, 89, 183, 143, 0, 117, 93, 140, 108, 69, 18, 22, 146, 195, 159, 193, 41, 139, 68, 46, 115, 42, 181, 34, 160, 48, 54, 30, 177, 10, 190, 4, 112, 84, 184, 35, 131, 149, 43, 116, 65, 59, 118, 51, 151, 162, 123, 127, 70, 135, 154, 180, 53, 100, 26, 97, 152, 1, 101, 86, 75, 2, 129, 120, 44, 16, 171, 175, 113, 31, 78, 145, 196, 81, 90, 165, 40, 185, 179, 92, 57, 55, 52, 106, 178, 14, 144, 49]
LNS best obj = 71194
[54, 177, 10, 4, 112, 84, 35, 184, 160, 181, 42, 43, 65, 116, 115, 46, 118, 59, 109, 51, 176, 80, 63, 79, 133, 151, 162, 123, 127, 70, 135, 154, 180, 53, 26, 97, 1, 101, 86, 75, 120, 44, 16, 171, 175, 113, 31, 78, 145, 179, 185, 40, 165, 39, 90, 27, 95, 164, 7, 21, 14, 144, 102, 49, 178, 106, 52, 55, 57, 92, 129, 2, 152, 94, 124, 148, 9, 62, 15, 186, 137, 23, 89, 183, 143, 0, 117, 93, 140, 68, 139, 41, 193, 159, 69, 108, 18, 22, 146, 34]
HEA_op1 best obj = 69107
[62, 9, 148, 124, 94, 63, 79, 80, 176, 137, 23, 186, 89, 183, 143, 0, 117, 93, 140, 108, 18, 22, 146, 34, 160, 48, 54, 177, 10, 190, 4, 112, 84, 184, 131, 149, 65, 116, 43, 42, 181, 159, 193, 41, 139, 68, 46, 115, 59, 118, 51, 151, 133, 162, 123, 127, 70, 135, 154, 180, 53, 100, 26, 86, 75, 101, 1, 97, 152, 2, 120, 44, 25, 16, 171, 175, 113, 56, 31, 78, 145, 196, 81, 90, 165, 119, 40, 185, 179, 92, 129, 57, 55, 52, 106, 178, 49, 14, 144, 102]
HEA_op2 best obj = 70481
[42, 43, 116, 65, 149, 131, 35, 184, 160, 54, 177, 10, 190, 4, 112, 123, 127, 70, 135, 154, 180, 53, 100, 26, 97, 152, 1, 101, 86, 75, 2, 120, 44, 25, 16, 171, 175, 113, 31, 78, 145, 179, 92, 129, 57, 55, 52, 178, 106, 185, 165, 40, 196, 81, 90, 27, 95, 164, 7, 21, 144, 14, 49, 102, 62, 9, 148, 15, 186, 23, 89, 183, 137, 176, 80, 94, 63, 79, 133, 162, 151, 51, 118, 59, 115, 46, 0, 143, 117, 93, 68, 139, 41, 193, 159, 18, 22, 146, 34, 181]
HEA_op2_no_ls best obj = 71190
[183, 89, 186, 23, 137, 176, 80, 79, 63, 94, 124, 167, 148, 9, 62, 49, 14, 144, 21, 164, 27, 90, 165, 40, 185, 106, 178, 52, 55, 57, 179, 145, 31, 113, 175, 171, 16, 78, 92, 129, 25, 44, 120, 2, 152, 97, 1, 101, 75, 86, 26, 100, 53, 180, 154, 135, 127, 123, 162, 133, 151, 51, 118, 59, 115, 116, 65, 149, 131, 43, 5, 42, 181, 160, 184, 35, 84, 112, 4, 190, 10, 177, 30, 54, 48, 34, 103, 146, 22, 18, 108, 159, 193, 41, 139, 46, 68, 117, 0, 143]

Instance 2:
MSLS best obj = 45244
[35, 109, 0, 29, 160, 33, 144, 111, 8, 104, 138, 11, 139, 168, 195, 145, 15, 3, 70, 13, 132, 169, 65, 188, 6, 147, 90, 51, 121, 131, 135, 122, 133, 10, 107, 40, 63, 38, 27, 16, 1, 24, 156, 42, 198, 117, 193, 31, 54, 164, 73, 136, 190, 80, 45, 142, 175, 78, 5, 177, 36, 61, 91, 141, 97, 77, 81, 153, 163, 89, 165, 127, 137, 114, 103, 113, 176, 194, 166, 86, 95, 130, 185, 94, 47, 148, 60, 20, 28, 140, 183, 152, 170, 34, 55, 18, 62, 124, 106, 143]
ILS best obj = 44266
[138, 182, 11, 139, 43, 168, 195, 13, 145, 15, 3, 70, 132, 169, 188, 6, 147, 90, 51, 121, 131, 135, 122, 107, 40, 63, 102, 38, 27, 16, 1, 156, 198, 117, 193, 54, 31, 164, 73, 136, 190, 80, 45, 142, 175, 78, 5, 177, 21, 61, 36, 91, 141, 97, 77, 81, 153, 187, 165, 127, 89, 163, 103, 113, 176, 194, 166, 86, 95, 130, 99, 185, 179, 94, 47, 148, 60, 20, 28, 140, 183, 152, 170, 34, 55, 18, 62, 124, 106, 143, 35, 109, 0, 29, 111, 8, 104, 144, 160, 33]
LNS best obj = 46043
[148, 60, 20, 28, 149, 140, 183, 95, 130, 99, 185, 86, 106, 124, 62, 18, 55, 34, 152, 184, 155, 3, 70, 145, 13, 195, 168, 169, 188, 6, 134, 147, 71, 191, 51, 121, 131, 90, 122, 133, 10, 107, 40, 63, 102, 135, 38, 27, 1, 198, 117, 193, 31, 54, 73, 136, 190, 80, 45, 175, 78, 5, 177, 8, 144, 104, 138, 33, 160, 29, 0, 109, 35, 111, 82, 87, 21, 61, 36, 91, 141, 97, 77, 81, 153, 187, 163, 103, 89, 127, 137, 114, 113, 176, 194, 166, 179, 66, 94, 47]
HEA_op1 best obj = 43456
[140, 183, 152, 170, 34, 55, 18, 62, 124, 106, 143, 35, 109, 0, 29, 111, 82, 21, 8, 104, 144, 160, 33, 138, 11, 139, 168, 195, 13, 145, 15, 3, 70, 132, 169, 188, 6, 147, 90, 51, 121, 131, 135, 122, 107, 40, 63, 38, 27, 16, 1, 156, 198, 117, 193, 31, 54, 73, 136, 190, 80, 45, 142, 175, 78, 5, 177, 36, 61, 91, 141, 77, 81, 153, 187, 163, 103, 89, 127, 137, 114, 113, 176, 194, 166, 86, 185, 95, 130, 99, 179, 66, 94, 47, 148, 60, 20, 28, 149, 4]
HEA_op2 best obj = 44859
[95, 128, 124, 106, 143, 62, 18, 55, 34, 152, 184, 155, 3, 70, 15, 145, 195, 168, 132, 169, 188, 6, 134, 147, 51, 121, 131, 90, 122, 107, 40, 63, 135, 38, 1, 156, 198, 117, 193, 31, 54, 73, 136, 190, 80, 162, 45, 142, 175, 78, 5, 177, 25, 182, 138, 139, 11, 33, 160, 29, 0, 109, 35, 111, 144, 104, 8, 82, 21, 61, 36, 91, 141, 77, 81, 153, 187, 163, 89, 127, 103, 113, 176, 194, 166, 86, 185, 179, 172, 66, 94, 47, 148, 60, 20, 28, 149, 140, 183, 130]
HEA_op2_no_ls best obj = 45517
[10, 133, 107, 40, 63, 102, 135, 122, 90, 191, 51, 121, 131, 1, 156, 198, 117, 193, 31, 54, 73, 190, 80, 162, 45, 142, 175, 78, 5, 25, 182, 138, 11, 33, 104, 8, 82, 21, 177, 36, 61, 141, 77, 111, 144, 160, 29, 0, 109, 35, 34, 55, 18, 62, 124, 106, 143, 153, 187, 163, 89, 127, 137, 114, 103, 113, 176, 194, 166, 86, 95, 130, 99, 185, 179, 66, 94, 47, 148, 60, 23, 20, 28, 149, 140, 183, 152, 184, 155, 3, 70, 15, 145, 195, 168, 132, 169, 188, 6, 147]