
[Instance 1] Generated 1000 greedy local optima.
[Instance 1] Best of 1000: obj=70365
[Instance 1] Very good (MSLS-steepest best of 200): obj=70683

[Instance 2] Generated 1000 greedy local optima.
[Instance 2] Best of 1000: obj=45410
[Instance 2] Very good (MSLS-steepest best of 200): obj=45896

=== Correlation coefficients (Pearson r) ===
  Instance Similarity mode Measure  Pearson r
Instance 1      avg_to_all   nodes  -0.515698
Instance 1      avg_to_all   edges  -0.708733
Instance 1     to_best1000   nodes  -0.480080
Instance 1     to_best1000   edges  -0.528304
Instance 1    to_very_good   nodes  -0.496771
Instance 1    to_very_good   edges  -0.514444
Instance 2      avg_to_all   nodes  -0.531137
Instance 2      avg_to_all   edges  -0.770257
Instance 2     to_best1000   nodes  -0.430985
Instance 2     to_best1000   edges  -0.552294
Instance 2    to_very_good   nodes  -0.398428
Instance 2    to_very_good   edges  -0.431224

=== Good solutions used ===
Instance 1 best-of-1000 obj: 70365
Instance 1 best-of-1000 tour: [140, 93, 117, 0, 143, 183, 89, 186, 23, 137, 176, 80, 79, 63, 94, 124, 148, 9, 62, 144, 14, 49, 178, 106, 52, 55, 185, 40, 165, 90, 81, 196, 31, 113, 175, 171, 16, 78, 145, 179, 57, 92, 129, 25, 44, 120, 2, 152, 97, 1, 101, 75, 86, 26, 100, 121, 53, 180, 154, 135, 70, 127, 123, 162, 133, 151, 51, 118, 59, 116, 65, 47, 149, 131, 77, 43, 5, 42, 181, 184, 84, 112, 4, 10, 177, 30, 54, 48, 160, 34, 146, 22, 18, 159, 193, 41, 139, 115, 46, 68]
Instance 1 very-good obj: 70683
Instance 1 very-good tour: [30, 177, 10, 190, 184, 43, 116, 65, 131, 149, 123, 127, 70, 135, 154, 180, 53, 86, 26, 97, 152, 1, 101, 75, 2, 120, 44, 25, 82, 129, 92, 57, 179, 145, 78, 16, 171, 175, 113, 56, 31, 157, 196, 81, 90, 27, 165, 119, 40, 185, 55, 52, 106, 178, 49, 14, 144, 102, 62, 9, 15, 186, 89, 183, 23, 137, 148, 124, 94, 63, 79, 80, 176, 133, 162, 151, 51, 118, 59, 115, 139, 46, 0, 143, 117, 93, 140, 108, 18, 22, 146, 159, 193, 41, 42, 181, 34, 160, 48, 54]

Instance 2 best-of-1000 obj: 45410
Instance 2 best-of-1000 tour: [190, 80, 175, 78, 5, 177, 21, 104, 8, 111, 82, 61, 36, 141, 77, 81, 153, 187, 163, 89, 127, 103, 113, 176, 194, 166, 86, 185, 95, 130, 99, 179, 66, 94, 47, 148, 60, 20, 28, 149, 4, 140, 183, 152, 170, 184, 155, 189, 34, 55, 18, 62, 124, 106, 159, 143, 35, 109, 0, 29, 160, 33, 138, 11, 139, 168, 195, 145, 15, 3, 70, 13, 132, 169, 188, 147, 10, 133, 72, 107, 40, 100, 122, 90, 191, 125, 51, 121, 131, 135, 63, 38, 27, 1, 117, 193, 31, 54, 73, 136]
Instance 2 very-good obj: 45896
Instance 2 very-good tour: [51, 71, 147, 6, 188, 169, 132, 168, 195, 13, 70, 3, 15, 145, 189, 155, 152, 170, 34, 55, 18, 62, 124, 106, 143, 159, 163, 103, 113, 176, 86, 185, 95, 183, 140, 4, 149, 28, 20, 148, 47, 94, 179, 166, 194, 114, 137, 127, 89, 165, 187, 153, 81, 77, 141, 91, 36, 61, 21, 82, 111, 35, 109, 0, 29, 11, 139, 138, 33, 160, 104, 8, 177, 5, 78, 175, 80, 190, 193, 31, 73, 54, 117, 198, 156, 1, 16, 27, 38, 135, 63, 100, 40, 107, 133, 122, 90, 125, 131, 121]