
=== Results table ===
                                           Method              Instance 1              Instance 2
MSLS (20 runs)\nEach run: best of 200 steepest LS 71 377 (70 941, 71 909) 45 665 (45 069, 46 249)
         ILS (20 runs)\nStop time = avg MSLS time 70 356 (69 823, 70 876) 44 726 (44 266, 45 072)

=== ILS: number of basic LS runs ===
                                    Method           Instance 1           Instance 2
ILS: # of basic LS runs inside one ILS run 1 547 (1 364, 1 621) 1 610 (1 555, 1 641)

=== Best solutions (node lists) ===
MSLS best Instance 1: 70941 [115, 139, 41, 193, 159, 22, 181, 5, 42, 160, 34, 48, 54, 177, 10, 190, 4, 112, 84, 184, 43, 116, 65, 149, 59, 118, 51, 151, 133, 162, 123, 127, 70, 135, 154, 180, 158, 53, 121, 100, 26, 86, 75, 101, 1, 97, 152, 2, 120, 44, 25, 129, 55, 52, 57, 92, 145, 78, 16, 171, 175, 113, 56, 31, 157, 196, 81, 90, 27, 165, 40, 185, 106, 178, 3, 49, 14, 144, 62, 9, 148, 124, 94, 63, 79, 80, 176, 137, 23, 186, 89, 183, 143, 170, 0, 117, 93, 140, 68, 46]
MSLS best Instance 2: 45069 [127, 89, 103, 163, 187, 153, 81, 77, 97, 141, 91, 61, 36, 177, 5, 78, 175, 45, 80, 190, 136, 73, 54, 31, 193, 117, 198, 1, 38, 63, 40, 107, 122, 135, 131, 112, 121, 51, 90, 133, 10, 147, 6, 188, 169, 132, 70, 3, 15, 145, 13, 195, 168, 139, 11, 182, 138, 104, 56, 8, 21, 82, 111, 144, 33, 160, 29, 0, 109, 35, 143, 106, 124, 128, 62, 18, 55, 34, 152, 183, 140, 4, 149, 28, 20, 148, 47, 94, 99, 130, 95, 86, 185, 179, 166, 194, 176, 180, 113, 114]
ILS  best Instance 1: 69823 [89, 183, 143, 0, 117, 93, 68, 46, 115, 139, 41, 193, 159, 108, 18, 22, 146, 181, 34, 160, 48, 54, 177, 10, 190, 4, 112, 84, 184, 42, 43, 116, 65, 59, 118, 51, 151, 133, 162, 123, 127, 70, 135, 154, 180, 158, 53, 121, 100, 26, 86, 75, 101, 1, 97, 152, 2, 129, 57, 92, 82, 120, 44, 25, 16, 171, 175, 113, 31, 78, 145, 179, 196, 81, 90, 165, 119, 40, 185, 55, 52, 106, 178, 3, 138, 14, 144, 49, 102, 62, 9, 148, 94, 63, 79, 80, 176, 137, 23, 186]
ILS  best Instance 2: 44266 [138, 182, 11, 139, 43, 168, 195, 13, 145, 15, 3, 70, 132, 169, 188, 6, 147, 90, 51, 121, 131, 135, 122, 107, 40, 63, 102, 38, 27, 16, 1, 156, 198, 117, 193, 54, 31, 164, 73, 136, 190, 80, 45, 142, 175, 78, 5, 177, 21, 61, 36, 91, 141, 97, 77, 81, 153, 187, 165, 127, 89, 163, 103, 113, 176, 194, 166, 86, 95, 130, 99, 185, 179, 94, 47, 148, 60, 20, 28, 140, 183, 152, 170, 34, 55, 18, 62, 124, 106, 143, 35, 109, 0, 29, 111, 8, 104, 144, 160, 33]