=== Results table (avg (min – max)) ===
                                                                              Method               Instance 1               Instance 2
  LNS (destroy+repair)\nNO local search after repair\nLS applied to initial solution 73 742 (72 479 – 76 119) 48 319 (46 607 – 49 551)
LNS (destroy+repair)\nWITH local search after repair\nLS applied to initial solution 72 103 (71 025 – 73 237) 46 561 (45 586 – 47 990)

=== LNS iterations table (avg (min – max)) ===
                                             Method  Instance 1  Instance 2
  Iterations of LNS main loop\n(no LS after repair) 10 (9 – 10) 10 (9 – 10)
Iterations of LNS main loop\n(with LS after repair)   9 (8 – 9)   9 (8 – 9)

=== Best solutions (node lists) ===
LNS no-LS best TSPA: 72479
[165, 119, 40, 185, 196, 81, 90, 164, 21, 144, 102, 62, 9, 37, 148, 15, 114, 186, 89, 183, 23, 137, 176, 80, 63, 79, 133, 162, 151, 51, 59, 115, 139, 46, 0, 170, 143, 117, 93, 108, 69, 18, 22, 146, 159, 193, 41, 42, 181, 34, 160, 54, 177, 4, 112, 84, 35, 184, 43, 116, 65, 47, 131, 149, 123, 127, 70, 135, 154, 180, 53, 100, 86, 75, 101, 26, 94, 124, 152, 97, 1, 2, 120, 44, 16, 171, 175, 113, 31, 78, 145, 92, 57, 55, 52, 106, 178, 49, 14, 138]

LNS no-LS best TSPB: 46607
[136, 190, 80, 45, 142, 175, 78, 5, 177, 123, 25, 104, 8, 111, 82, 21, 61, 36, 141, 77, 81, 153, 146, 187, 163, 89, 103, 113, 176, 166, 179, 185, 86, 95, 130, 183, 199, 9, 66, 94, 47, 148, 60, 20, 59, 28, 149, 4, 140, 152, 170, 34, 55, 18, 62, 124, 106, 143, 35, 109, 0, 29, 160, 33, 138, 11, 139, 43, 168, 195, 13, 145, 15, 3, 70, 132, 169, 188, 6, 147, 10, 133, 107, 40, 100, 63, 135, 122, 90, 191, 51, 121, 1, 198, 117, 193, 31, 54, 164, 73]

LNS +LS best TSPA: 71025
[118, 59, 65, 116, 43, 42, 181, 34, 160, 54, 177, 10, 190, 184, 84, 112, 123, 127, 70, 135, 154, 180, 53, 63, 79, 133, 151, 51, 176, 80, 94, 124, 152, 97, 1, 101, 26, 100, 86, 75, 2, 120, 44, 25, 16, 171, 175, 113, 31, 78, 145, 179, 92, 129, 57, 52, 178, 106, 185, 165, 119, 40, 196, 81, 90, 27, 95, 164, 7, 21, 138, 14, 49, 102, 144, 62, 9, 148, 15, 186, 137, 23, 89, 183, 143, 0, 117, 93, 140, 108, 69, 18, 22, 146, 159, 193, 41, 139, 46, 115]

LNS +LS best TSPB: 45586
[38, 27, 1, 156, 198, 117, 193, 31, 54, 73, 136, 190, 80, 162, 45, 142, 175, 78, 5, 177, 36, 61, 91, 141, 97, 153, 187, 163, 89, 127, 103, 113, 176, 194, 166, 86, 95, 130, 99, 185, 179, 94, 47, 148, 60, 20, 28, 149, 4, 140, 183, 152, 34, 55, 18, 62, 124, 106, 143, 159, 81, 77, 82, 21, 8, 111, 35, 109, 0, 29, 160, 33, 138, 11, 139, 168, 195, 145, 3, 70, 132, 169, 188, 6, 134, 147, 90, 51, 98, 118, 121, 131, 122, 133, 10, 107, 40, 63, 102, 135]